5387308530 1631400664246
5387441924 1631433214998
5387580019 1631459402056
5387773926 1631532873652
5387952081 1631579894750
5388103405 1631612439148
5388242808 1631640796819
5388384284 1631676079660
5388543099 1631725333510
5388697716 1631766819488
5388837061 1631800262165
5388990650 1631834244609
5389146613 1631866182190
5389314191 1631899336643
5389466411 1631935815277
5389606141 1631963506971
5389756958 1631991253378
5389901903 1632035373352
5390043631 1632061599529
5390214813 1632138002594
5390359327 1632165136775
5390511279 1632202582121
5390714212 1632234972652
5390914064 1632265085334
5391142558 1632300493472
5391368196 1632334155424
5391501418 1632358681801
5391671117 1632398344884
5391852597 1632441084257
5392023710 1632482439937
5392246542 1632534383544
5392446274 1632589886992
5392637863 1632636221815
5392818957 1632679151535
5392986454 1632722311516
5393151666 1632771179900
5393376725 1632812508124
5393590932 1632850664729
5393876717 1632900391719
5394110193 1632947772851
5394350836 1632992633634
5394581735 1633040655407
5394721967 1633074869478
5394869862 1633112434022
5395039339 1633155348708
5395227809 1633199713614
5395444112 1633245675763
5395628050 1633288135236
5395794902 1633330636595
5395958624 1633371232273
5396135060 1633414887528
5396299716 1633457624210
5396483690 1633505483285
5396695449 1633567282919
5396911373 1633623125000
5397091142 1633666180610
5397277366 1633714899461
5397488405 1633777056173
5397694700 1633825156077
5397884321 1633868254761
5398070810 1633912319041
5398259697 1633961780199
5398458029 1634010228025
5398655562 1634062179300
5398883631 1634110868156
5399072428 1634180805244
5399334602 1634230635203
5399515054 1634274235176
5399691136 1634318151032
5399884336 1634371436770
5400071412 1634423240882
5400276195 1634479639832
5400475811 1634539036702
5400661655 1634594214695
5400863288 1634649295165
5401073162 1634696614655
5401254895 1634737949223
5401455959 1634793980944
5401653478 1634839735471
5401849987 1634883741378
5402023311 1634925068295
5402187670 1634963071871
5402381496 1635005472351
5402603062 1635052734336
5402778422 1635093062937
5402986253 1635155510098
5403165218 1635204945195
5403343365 1635256311121
5403552548 1635305070071
5403727703 1635335025321
5403883412 1635364014123
5404055796 1635394030864
5404288840 1635467216447
5404499074 1635534761918
5404715799 1635612225908
5404932343 1635685447063
5405116947 1635755321684
5405304068 1635818060953
5405495946 1635874330427
5405680170 1635905467542
5405860153 1635939953824
5406050659 1635974109226
5406216455 1636003936717
5406388480 1636037725783
5406564060 1636079592380
5406739394 1636113831975
5406921981 1636148552881
5407095302 1636190700318
5407299466 1636230671428
5407577454 1636270421021
5407851859 1636315107243
5408163907 1636359572629
5408348728 1636393946874
5408597437 1636444499523
5408821577 1636481578198
5408997635 1636516952206
5409206473 1636562550575
5409439661 1636602714276
5409690923 1636668280375
5410008741 1636722029557
5410196887 1636766740360
5410410511 1636811472320
5410703372 1636895364914
5411026779 1636943137242
5411205174 1636982208708
5411484486 1637029518287
5411697963 1637070880159
5411887885 1637110175789
5412186110 1637156683897
5412431397 1637197331856
5412619555 1637234225234
5412879026 1637280632673
5413205069 1637340481984
5413404327 1637380641587
5413588793 1637416495414
5413895672 1637468757066
5414180284 1637511058801
5414414435 1637550147925
5414657721 1637589538301
5414864865 1637632150220
5415037569 1637669417611
5415270545 1637707005800
5415620436 1637792788114
5415790079 1637826107018
5416021838 1637930493280
5416232997 1638015923909
5416515330 1638059366484
5416816029 1638109806294
5417029093 1638150415121
5417222077 1638186935986
5417439065 1638241100039
5417665721 1638278277009
5417974044 1638322851531
5418281014 1638363482270
5418509833 1638406807508
5418731281 1638452402094
5419047133 1638497853454
5419260906 1638535365229
5419461031 1638567528205
5419726410 1638605953922
5419968542 1638642800635
5420174727 1638676417231
5420399604 1638727918520
5420618685 1638770660176
5420839190 1638816939979
5421079406 1638862042602
5421320123 1638903642539
5421568158 1638944200903
5421822642 1638985609413
5422078647 1639032409011
5422328358 1639084052731
5422588773 1639168432521
5422811828 1639210808592
5423035704 1639256029411
5423266215 1639295015807
5423468022 1639336824801
5423664361 1639369482164
5423874156 1639405663991
5424072260 1639461312855
5424305745 1639499738713
5424640458 1639558363317
5424864304 1639592690798
5425041195 1639628689902
5425208528 1639661167769
5425556468 1639714498631
5425940982 1639775126693
5426186850 1639821089171
5426399347 1639862526245
5426735620 1639909044054
5427011139 1639968927514
5427221340 1640003441576
5427497166 1640047236145
5427854924 1640101273220
5428071600 1640137100677
5428265147 1640173581348
5428563271 1640227149175
5428898403 1640287402846
5429102816 1640327101761
5429312412 1640362424183
5429637291 1640475028089
5429931419 1640580299230
5430237989 1640621164659
5430448995 1640656662782
5430732125 1640698780400
5431004239 1640743383121
5431197232 1640778507162
5431494287 1640815290575
5431695689 1640852227916
5431959830 1640888981863
5432157155 1640930545587
5432319346 1640959851547
5432643530 1641010823261
5432892877 1641048857769
5433082305 1641087495428
5433253670 1641116848791
5433426521 1641148266689
5433601282 1641178653698
5433778965 1641211036337
5433984920 1641262379392
5434210913 1641342152239
5434405327 1641394605006
5434603041 1641445098068
5434795788 1641481153638
5434971356 1641515292545
5435159916 1641546962966
5435306365 1641577009051
5435510510 1641618289576
5435746869 1641722955935
5436062615 1641897953193
5436260964 1641964503949
5436412961 1641994747635
5436593268 1642030417922
5436759103 1642061164059
5436912499 1642085546569
5437079817 1642111846238
5437272813 1642169993907
5437446187 1642204332515
5437623309 1642238432338
5437799032 1642269902411
5437932710 1642294476466
5438064989 1642320049385
5438234630 1642351823223
5438409596 1642389625754
5438592253 1642425925127
5438758355 1642460416897
5438937593 1642499395622
5439155533 1642552453243
5439343003 1642585258668
5439510679 1642617410325
5439683202 1642647366211
5439847048 1642676448310
5440039389 1642710180791
5440226089 1642745584519
5440409778 1642777500889
5440557795 1642801624663
5440705260 1642828260453
5440839703 1642852214025
5440985798 1642877285536
5441148222 1642907487947
5441294500 1642936295252
5441447898 1642967531135
5441584015 1642992633578
5441731395 1643017310493
5441901303 1643049593638
5442070963 1643092844614
5442267845 1643165958296
5442433847 1643200783065
5442616178 1643234579214
5442804750 1643269743211
5442991032 1643300762011
5443171929 1643328575598
5443413984 1643383896830
5443617356 1643423330603
5443825632 1643463239264
5444015619 1643504342315
5444209413 1643548038931
5444400103 1643586332681
5444603140 1643620903179
5444786434 1643652881413
5444992439 1643687932707
5445196702 1643721121941
5445429887 1643756673318
5445664813 1643795521405
5445871554 1643828231803
5446075248 1643861745493
5446275030 1643896309569
5446485684 1643932232134
5446651836 1643962869363
5446832828 1643994585279
5447017851 1644026904091
5447174276 1644057103293
5447349547 1644091050113
5447532612 1644123140683
5447726775 1644160408067
5447888383 1644191172648
5448058983 1644223633862
5448264022 1644252769751
5448464563 1644295354384
5448670787 1644336785952
5448964176 1644375706495
5449188991 1644412011814
5449435195 1644454173994
5449635447 1644486363592
5449890743 1644520792948
5450121172 1644553107399
5450361476 1644588213014
5450518679 1644616651606
5450677930 1644646985565
5450822042 1644674027007
5450967729 1644697937025
5451142664 1644723814757
5451322879 1644753313642
5451509832 1644787171518
5451713528 1644825121949
5451906676 1644863986201
5452132877 1644903421866
5452395349 1644945588160
5452620615 1644982811637
5452817837 1645014660261
5453005316 1645046249526
5453188048 1645076149701
5453374687 1645118946731
5453560005 1645150120573
5453772462 1645184199819
5453986570 1645227299193
5454212765 1645260771790
5454355089 1645285935552
5454544546 1645321452597
5454706715 1645353292992
5454865641 1645383832909
5455043466 1645422185518
5455219363 1645452880851
5455394012 1645482432682
5455546782 1645506598563
5455722205 1645542423301
5455912323 1645575362551
5456089051 1645605225115
5456257993 1645633056019
5456451653 1645667682830
5456668290 1645705339702
5456853763 1645740107807
5457054389 1645775022910
5457259333 1645817292482
5457450575 1645850952209
5457630737 1645888023297
5457815790 1645923633886
5458056005 1645964494063
5458254385 1645995933456
5458446170 1646028308493
5458634112 1646063036915
5458855460 1646099426386
5459061585 1646140875105
5459277053 1646180128256
5459525157 1646224175011
5459774570 1646263920531
5460021614 1646301922641
5460264797 1646338117401
5460508934 1646376523561
5460731946 1646410968879
5460945587 1646456348064
5461195378 1646493838518
5461459663 1646531301651
5461705452 1646565122383
5461971310 1646602438242
5462161712 1646640014699
5462324049 1646671865384
5462493742 1646700482969
5462683407 1646734106688
5462942401 1646772586422
5463128101 1646801534103
5463387700 1646844039122
5463593579 1646881274535
5463813390 1646915622676
5464001822 1646946113413
5464176645 1646976903360
5464340146 1647007181185
5464568382 1647040402186
5464787823 1647070321102
5464975301 1647099964427
5465216494 1647138210295
5465451002 1647174396975
5465646701 1647209457335
5465860106 1647274546089
5466041967 1647321643097
5466224207 1647351973115
5466401479 1647383194440
5466665641 1647415808446
5466918721 1647459139844
5467093536 1647488901974
5467264353 1647519391514
5467494616 1647558045943
5467703721 1647595174618
5467899123 1647628232362
5468123846 1647661792316
5468337180 1647695277872
5468593937 1647734983776
5468865874 1647782660026
5469074722 1647829555860
5469325797 1647899882394
5469510210 1647933535427
5469705386 1647972826984
5469893910 1648006430161
5470093391 1648039055375
5470267600 1648072011505
5470461745 1648104986570
5470649673 1648138915836
5470827719 1648170312713
5471013899 1648222232874
5471269517 1648302691959
5471591857 1648479106149
5471819076 1648537041514
5471992593 1648565475185
5472158926 1648595468591
5472330772 1648625882178
5472467122 1648650152736
5472616904 1648684608252
5472835327 1648719515946
5472994720 1648746975737
5473162971 1648776082994
5473343056 1648818676548
5473584086 1648855243013
5473821156 1648890372614
5474023408 1648929341377
5474225988 1648965897796
5474390319 1648996250366
5474670710 1649036418278
5474914925 1649073389063
5475143036 1649107831813
5475304061 1649136611013
5475463810 1649166834226
5475674173 1649200584077
5475846244 1649232559071
5476036260 1649263925301
5476186339 1649289880212
5476329190 1649317417299
5476514660 1649347396377
5476666260 1649372187233
5476805769 1649396665747
5476995199 1649427257322
5477138025 1649451380696
5477315879 1649480224898
5477477521 1649508686139
5477602413 1649530113111
5477715477 1649551605198
5477855187 1649572830866
5478010053 1649595245521
5478155705 1649628863747
5478305271 1649663768345
5478456951 1649697794301
5478609868 1649731930471
5478762707 1649805811699
5478974491 1649858690021
5479149885 1649896783113
5479293748 1649938003133
5479429472 1649974032143
5479601201 1650058792745
5479722769 1650092604527
5479841855 1650125330655
5480002481 1650158406165
5480170310 1650257280557
5480311420 1650295270559
5480446295 1650338332613
5480586585 1650378900927
5480722398 1650415375510
5480828186 1650444328507
5480955950 1650477649514
5481239539 1650698103921
5481441035 1650810614260
5481584518 1650846691404
5481792318 1650972684232
5481950541 1651007863400
5482100539 1651047626003
5482400272 1651281345133
5482610655 1651386741150
5482767647 1651451168878
5482912860 1651499341934
5483057037 1651546179314
5483195063 1651589868641
5483337292 1651623380112
5483459868 1651653899627
5483672697 1651774541528
5483841147 1651856908201
5484022997 1651941795088
5484218434 1652058796785
5484353176 1652091989893
5484480844 1652123582649
5484607859 1652159567083
5484766389 1652216921950
5484889785 1652248846019
5485002159 1652278222157
5485120965 1652307608654
5485222735 1652340260498
5485323586 1652369146930
5485428839 1652408065904
5485522557 1652431220499
5485610411 1652444995730
5485720341 1652467827215
5485902836 1652495454632
5486077731 1652517002291
5486186047 1652532062856
5486283234 1652548520877
5486381247 1652563157157
5486471119 1652578069199
5486568987 1652595599977
5486672374 1652612006783
5486763039 1652627676324
5486887119 1652667176221
5487041781 1652749616672
5487188571 1652821896803
5487284480 1652839145804
5487385772 1652855684975
5487484601 1652876489565
5487585479 1652896462837
5487684055 1652917248584
5487777177 1652934227257
5487877621 1652950262191
5487969775 1652964551009
5488077025 1652981244096
5488181437 1652996423033
5488284305 1653011132764
5488389341 1653041133005
5488523617 1653097146432
5488658371 1653139282510
5488803893 1653197273592
5488946879 1653258371716
5489096905 1653324175611
5489217823 1653364170362
5489318108 1653379293896
5489430718 1653397571366
5489524896 1653411920020
5489634258 1653432685144
5489728192 1653448925095
5489835003 1653467184816
5489948434 1653483338937
5490065653 1653499244269
5490163972 1653513531036
5490251216 1653529990969
5490348829 1653544250837
5490449256 1653558898262
5490540054 1653574403663
5490637841 1653589113883
5490751540 1653605231183
5490857181 1653626915518
5490958545 1653648934939
5491075726 1653680265258
5491176693 1653696204864
5491267511 1653709902328
5491366970 1653731274048
5491453958 1653745176141
5491557252 1653766647568
5491662540 1653781953830
5491771525 1653797871739
5491875127 1653811766612
5491971518 1653834601960
5492118891 1653919302230
5492307808 1654064840342
5492441655 1654119239722
5492542050 1654133578813
5492658738 1654151262443
5492768997 1654166978752
